0 180 8 4 "8/4" 1 3 5 6 7 8
1 360 7 8 "7/8" 1 3 5
2 180 2 4 "2/4" 1
3 360 7 8 "7/8" 1 3 5
4 360 5 8 "5/8" 1 3
5 360 7 8 "7/8" 1 3 5
6 180 2 4 "2/4" 1
7 360 7 8 "7/8" 1 3 5
8 360 5 8 "5/8" 1 3
9 360 7 8 "7/8" 1 3 5
10 180 2 4 "2/4" 1
11 360 7 8 "7/8" 1 3 5
12 360 5 8 "5/8" 1 3
13 360 7 8 "7/8" 1 3 5
14 180 2 4 "2/4" 1
15 360 7 8 "7/8" 1 3 5
16 360 5 8 "5/8" 1 3
17 360 7 8 "7/8" 1 3 5
18 180 2 4 "2/4" 1
19 360 7 8 "7/8" 1 3 5
20 360 5 8 "5/8" 1 3
21 360 7 8 "7/8" 1 3 5
22 180 2 4 "2/4" 1
23 360 7 8 "7/8" 1 3 5
24 360 5 8 "5/8" 1 3
25 360 7 8 "7/8" 1 3 5
26 180 2 4 "2/4" 1 2
27 360 7 8 "7/8" 1 3 5
28 360 5 8 "5/8" 1 3
29 360 5 8 "5/8" 1 3
30 360 5 8 "5/8" 1 3
31 180 2 4 "2/4" 1
32 180 2 4 "2/4" 1
33 180 2 4 "2/4" 1
34 180 1 4 "1/4" 1
